2.04
2.16
1.75
2.05
1.89
1.93
1.84
1.76
1.92
1.99
1.79
2.02
1.80
1.89
1.72
2.02
1.85
1.93
1.97
1.92
2.08
2.02
1.90
1.96
2.08
2.01
2.00
1.91
1.91
1.91
1.90
1.91
2.02
1.81
2.09
1.94
2.05
1.82
2.16
1.82
1.93
2.13
1.98
2.03
2.13
2.18
1.94
1.97
2.26
1.87
1.89
1.90
2.06
1.84
2.05
2.25
2.03
2.24
1.95
2.06
1.90
1.90
2.04
1.94
2.24
1.95
2.30
2.02
1.98
1.88
2.14
1.92
2.25
1.89
2.05
2.03
2.11
1.85
1.97
2.22
2.22
1.90
1.98
1.96
1.78
1.96
2.00
1.89
2.09
2.10
2.05
2.04
1.92
2.37
1.86
1.82
2.05
2.16
2.10
1.94
