0.05   45.989   44.723   44.303   43.405  
0.10   92.587   90.079   88.914   87.401  
0.15  140.058  135.541  133.313  131.455  
0.20  185.200  181.375  178.756  175.651  
0.25  231.558  226.697  223.498  219.926  
0.30  277.859  272.304  268.300  263.920  
0.35  324.024  317.608  313.124  307.876  
0.40  371.425  363.377  357.675  352.055  
0.45  416.571  408.467  402.542  396.216  
0.50  462.748  454.368  447.370  441.500

0.05	23.988	24.067	23.583	23.621
0.10	48.737	48.281	47.893	47.440
0.15	73.272	72.775	72.117	71.306
0.20	98.086	96.970	96.059	95.492
0.25	122.536	121.371	120.528	119.326
0.30	146.885	145.739	144.476	143.383
0.35	171.885	170.347	168.268	167.565
0.40	196.468	194.734	192.684	191.778
0.45	221.356	219.425	217.221	215.861
0.50	246.683	243.585	241.547	239.927

0.05	8.070	8.941	8.915	8.996
0.10	17.332	18.219	17.933	18.133
0.15	26.596	27.299	27.122	27.218
0.20	35.932	36.700	36.448	36.379
0.25	45.279	46.036	45.670	35.759
0.30	54.765	55.296	56.090	54.888
0.35	63.952	64.595	64.017	64.066
0.40	73.196	73.861	73.330	73.850
0.45	82.639	83.326	82.624	82.751
0.50	92.061	92.532	91.983	91.595

0.05    3.165	3.366	3.554	3.463
0.10    6.765	6.759	7.129	6.960
0.15	10.374	10.411	10.601	10.373
0.20	13.999	13.933	13.882	13.833
0.25	17.417	17.223	17.700	17.522
0.30	21.096	21.063	21.152	21.134
0.35	24.751	24.628	24.668	24.588
0.40	27.975	28.247	28.346	28.086
0.45	31.802	31.831	31.832	31.665
0.50	35.459	35.271	35.503	35.191

0.10	1.595	1.957	1.812	1.598
0.20	4.320	4.306	4.313	4.094
0.30	6.960	6.315	6.850	6.627
0.40	9.650	9.074	9.340	9.124
0.50	12.475	11.716	12.087	11.703

end