potenza 3
inclinazione 18.75'
partenza da 40

vuoto
95
2.505
2.471
2.476
2.466
2.468
2.476

90
2.286
2.289
2.298
2.304
2.297

85
2.112
2.119
2.120
2.112
2.116

80
1.918
1.916
1.918
1.922
1.922

75
1.721
1.724
1.716
1.713
1.726

70
1.521
1.516
1.511
1.516
1.520

65
1.299
1.302
1.302
1.302
1.298

60
1.072
1.074
1.072
1.073
1.068

55
0.832
0.831
0.830
0.826
0.830

50
0.574
0.575
0.576
0.573
0.574



70
1.524
1.519
1.514
1.511
1.514
1.516
1.512
1.518
1.514
1.518
1.520
1.520
1.523
1.526
1.518
1.522
1.519
1.520
1.523
1.518
1.512
1.514
1.508
1.512
1.514
1.514
1.520
1.517
1.514
1.517
1.530
1.514
1.520
1.518
1.520
1.514
1.518
1.516
1.521
1.514
1.516

carico (1 ottone)
90
2.298
2.296
2.302
2.307
2.306

85
2.110
2.111
2.113
2.112
2.103

80
1.918
1.920
1.919
1.914
1.918

75
1.721
1.719
1.714
1.719
1.722

70
1.511
1.512
1.509
1.514
1.513

65
1.296
1.296
1.297
1.298
1.300

60
1.072
1.072
1.069
1.068
1.070

55
0.828
0.826
0.828
0.826
0.828

50
0.572
0.573
0.572
0.572
0.572




70
1.512
1.511
1.510
1.511
1.518
1.514
1.513
1.516
1.510
1.512
1.514
1.516
1.515
1.516
1.514
1.511
1.510
1.512
1.515
1.512
1.516
1.514
1.512
1.508
1.508
1.508
1.508
1.508
1.512
1.517
1.510
1.510
1.512
1.512
1.513
1.510
1.510
1.510
1.510
1.512
1.510







carico(1 ottone 2 allumini)
70
1.505
1.504
1.510
1.506
1.504
1.514
1.506
1.505
1.506
1.508
1.508
1.506
1.504
1.504
1.503
1.504
1.504
1.506
1.505
1.505
1.504
1.505
1.504
1.506
1.506
1.514
1.504
1.502
1.506
1.504
1.506
1.504
1.505
1.504
1.506
1.506
1.506
1.506
1.506
1.504
1.507
1.504
1.504
1.506
1.506
1.506
1.506
1.504
1.506
1.504
1.504

90
2.282
2.284
2.286
2.286
2.283

85
2.099
2.102
2.102
2.102
2.102

80
1.911
1.912
1.912
1.912
1.916

75
1.712
1.714
1.713
1.713
1.716

70
1.508
1.510
1.508
1.508
1.508

65
1.297
1.292
1.294
1.294
1.292

60
1.067
1.068
1.068
1.066
1.067

55
0.826
0.827
0.826
0.826
0.827

50
0.571
0.570
0.570
0.571
0.571


GIORNO 2

scarico, 70
tenendo premuto
1.593
1.590
1.594
1.588
1.599
1.593
1.584
1.586
1.591
1.589
1.587
1.588
1.586
1.590
1.589
1.590
1.588
1.590
1.591
1.594
1.594
1.591
1.590
1.589
1.590
1.586
1.586
1.586
1.592
1.589
1.590
1.588
1.589
1.589
1.587
1.594
1.586
1.588
1.588
1.592
1.593
1.591
1.590
1.593
1.590
1.593
1.598
1.598
1.592
1.584
1.589

senza tener premuto
1.609
1.594
1.600
1.611
1.602
1.610
1.611
1.614
1.698
1.620
1.598
1.614
1.610
1.602
1.591
1.602
1.610
1.607
1.622
1.622
1.614
1.606
1.610
1.612
1.604
1.593
1.616
1.602
1.602
1.698
1.614
1.618
1.613
1.608
1.614
1.618
1.604
1.602
1.606
1.612
1.608
1.613
1.600
1.609
1.608
1.614
1.619
1.616
1.603
1.606
1.608




potenza 4
senza peso
inclinazione 45'
partenza 40cm

95cm
2.600
2.601
2.618
2.603
2.596
2.592
2.624
2.593
2.583
2.589
2.592
2.590
2.598
2.598
2.598
2.608
2.620
2.612
2.627
2.624
2.620

90cm
2.437
2.423
2.416
2.434
2.427

85cm
2.252
2.236
2.245
2.238
2.240

80cm
2.034
2.026
2.034
2.019
2.041

75cm
1.812
1.802
1.812
1.811
1.807

70cm
1.599
1.590
1.589
1.595
1.590
1.596
1.602
1.588
1.599
1.584
1.592
1.590
1.592
1.592
1.587
1.582
1.592
1.592
1.602
1.592
1.586
1.593
1.588
1.581
1.612
1.591
1.588
1.598
1.588
1.598
1.598
1.592
1.585
1.570
1.570
1.598
1.589
1.585
1.590
1.592
1.587
1.592
1.572
1.574
1.592
1.600
1.584
1.595
1.600
1.581
1.594
1.598
1.604
1.596
1.596
1.600

65cm
1.361
1.366
1.361
1.363
1.374

60cm
1.134
1.132
1.122
1.118
1.130

55cm
0.878
0.878
0.878
0.881
0.881

50cm
0.606
0.604
0.602
0.605
0.600


con peso (1 ottone)
70cm
1.626
1.627
1.618
1.624
1.624
1.622
1.622
1.625
1.626
1.619
1.616
1.622
1.622
1.618
1.621
1.618
1.626
1.623
1.620
1.620
1.619
1.614
1.624
1.621
1.616
1.620
1.614
1.615
1.613
1.624
1.614
1.612
1.620
1.618
1.622
1.622
1.632
1.622
1.614
1.614
1.621
1.620
1.618
1.618
1.619
1.613
1.610
1.616
1.618
1.614
1.616

con peso(1 ottone, 2 alluminio)
70cm
1.614
1.616
1.618
1.620
1.618
1.620
1.619
1.626
1.616
1.618
1.618
1.616
1.614
1.617
1.618
1.616
1.616
1.612
1.599
1.616
1.617
1.612
1.609
1.622
1.615
1.617
1.614
1.618
1.614
1.611
1.614
1.616
1.616
1.622
1.620
1.625
1.620
1.618
1.616
1.622
1.620
1.618
1.622
1.621
1.622
1.620
1.624
1.624
1.624
1.622
1.622