    1.2386  0.222025     0.00715122     0.00143379
    1.1474  0.217884     0.00324654    0.000690697
    1.0579  0.212686     0.00168523    0.000381857
    0.9596   0.20842         0.0012     0.00029621
      0.86  0.203488     0.00242899    0.000645307
    0.7584  0.197785       0.001772    0.000521035
    0.6503  0.192219     0.00087178    0.000298597
    0.5359  0.186602      0.0010198    0.000408273
    0.4149  0.180766      0.0010198     0.00051176
    0.2872  0.174095    0.000509902     0.00038858
