1.99
2.05
2.01
2.15
2.11
2.08
2.09
2.06
2.03
2.13
2.04
2.14
2.09
2.04
2.07
2.06
2.03
2.10
2.10
2.07
2.00
2.04
2.14
2.09
2.05
2.09
2.08
2.08
2.08
2.01
2.11
2.09
2.04
2.07
2.10
2.08
2.01
2.04
2.11
2.07
2.11
2.06
2.08
2.09
2.12
2.08
2.08
2.06
2.08
2.09
2.07
2.05
2.08
2.11
2.08
2.13
2.14
2.08
2.04
2.05
2.11
2.06
2.11
2.16
2.03
2.04
1.98
1.93
2.08
2.06
2.06
2.06
2.08
2.07
2.06
2.10
2.09
2.09
2.07
2.08
2.13
2.07
2.04
2.09
2.07
2.08
2.11
2.09
2.10
2.10
2.13
2.07
2.10
2.08
2.08
2.11
2.10
2.09
2.05
2.11
2.11
