1.86
2.14
1.91
1.96
2.01
2.08
2.06
2.05
2.02
2.09
1.95
2.05
2.06
2.01
2.04
2.22
1.69
1.96
2.05
2.11
2.03
1.99
2.06
1.99
2.01
1.89
2.07
2.14
2.07
1.72
1.97
2.04
2.05
1.99
2.07
2.08
2.04
1.96
2.01
1.96
1.97
1.98
2.05
2.06
2.11
1.98
2.01
1.95
1.98
2.01
1.95
1.98
2.00
2.10
2.03
1.98
2.01
2.11
1.72
2.08
2.14
2.16
2.01
2.12
2.13
2.10
2.09
2.13
2.11
2.12
2.12
1.97
2.13
2.09
1.97
2.21
1.95
2.13
2.01
2.23
2.05
2.09
2.11
2.02
2.25
2.04
2.11
2.12
2.21
2.08
2.02
2.19
2.08
1.96
2.05
2.15
2.07
2.06
2.09
2.06
2.19
2.23
1.91
2.18
2.15
1.97
2.03
1.95
1.94
