1.5mm
0.05    8.795   8.639   8.642   8.695
0.10    17.759  17.574  17.454  17.417
0.15    26.717  26.286  26.359  26.253
0.20    35.568  35.299  35.225  35.288
0.25    44.517  44.157  43.970  44.081
0.30    53.555  53.116  52.997  52.878
0.35    62.452  62.051  61.920  61.853
0.40    71.582  71.085  70.905  70.833
0.45    80.666  80.180  80.073  79.838
0.50    89.946  89.252  88.965  88.841

2mm
0.05    4.815   4.731   4.774   4.790
0.10    9.772   9.783   9.715   9.589
0.15    14.756  14.670  14.582  14.556
0.20    19.737  19.952  19.609  19.429
0.25    24.801  24.657  24.577  24.588
0.30    29.748  29.708  29.604  29.500
0.35    31.975  34.914  34.648  34.625
0.40    41.006  40.053  39.710  39.672
0.45    45.882  45.130  44.870  44.824
0.50    50.398  50.309  50.050  49.909

4/32"
0.05    1.936   1.907   1.922   1.835
0.10    3.891   3.892   3.920   3.833
0.15    5.981   5.782   5.855   5.729
0.20    7.909   7.906   7.872   7.735    
0.25    10.046  9.727   9.730   9.666
0.30    11.787  11.866  11.822  11.690
0.35    14.115  14.001  13.903  13.767
0.40    16.167  16.124  15.946  15.738
0.45    18.231  18.157  17.953  17.810
0.50    20.322  20.172  20.074  19.775

6/32"
0.05    0.729   0.908   0.900   0.917
0.15    2.545   2.701   2.624   2.721
0.25    4.563   4.493   4.368   4.416
0.35    6.330   6.214   6.103   6.076
0.45    8.127   8.055   7.832   7.932

8/32"
0.05    0.644   0.518   0.647   0.584
0.15    1.678   1.539   1.617   1.511
0.25    2.810   2.592   2.680   2.533
0.35    3.776   3.578   3.711   3.634
0.45    4.817   4.629   4.738   4.590